 The logarithm of the determinant of the hessian = 1.18945
 index   name       value      std.dev       1       2       3       4       5       6       7       8       9      10      11      12      13      14      15      16      17      18      19      20      21      22      23      24      25      26      27      28      29      30      31      32      33      34      35      36      37      38      39      40      41      42      43      44      45      46      47      48      49      50      51      52      53      54      55      56      57      58      59   
     1   logSdLam -1.9374e+00 5.5171e-01   1.0000
     2   biom      1.1028e+01 4.5373e-01   0.0178  1.0000
     3   biom      1.1027e+01 4.3835e-01   0.0158  0.9492  1.0000
     4   biom      1.1026e+01 4.2169e-01   0.0138  0.8974  0.9454  1.0000
     5   biom      1.1023e+01 4.1118e-01   0.0080  0.8453  0.8905  0.9419  1.0000
     6   biom      1.1021e+01 3.9913e-01   0.0019  0.7934  0.8359  0.8842  0.9388  1.0000
     7   biom      1.1018e+01 3.9210e-01  -0.0042  0.7425  0.7823  0.8274  0.8785  0.9359  1.0000
     8   biom      1.1016e+01 3.8329e-01  -0.0105  0.6928  0.7300  0.7722  0.8199  0.8734  0.9333  1.0000
     9   biom      1.1012e+01 3.7961e-01  -0.0223  0.6448  0.6794  0.7187  0.7632  0.8132  0.8690  0.9312  1.0000
    10   biom      1.1008e+01 3.7401e-01  -0.0344  0.5989  0.6311  0.6677  0.7091  0.7556  0.8075  0.8654  0.9295  1.0000
    11   biom      1.1007e+01 3.7153e-01  -0.0376  0.5557  0.5855  0.6195  0.6579  0.7011  0.7494  0.8031  0.8626  0.9281  1.0000
    12   biom      1.1006e+01 3.6694e-01  -0.0410  0.5147  0.5424  0.5739  0.6096  0.6496  0.6944  0.7442  0.7994  0.8602  0.9268  1.0000
    13   biom      1.1005e+01 3.6608e-01  -0.0430  0.4763  0.5020  0.5311  0.5641  0.6012  0.6427  0.6888  0.7400  0.7963  0.8580  0.9257  1.0000
    14   biom      1.1005e+01 3.6303e-01  -0.0453  0.4404  0.4641  0.4910  0.5216  0.5560  0.5943  0.6370  0.6844  0.7365  0.7936  0.8563  0.9250  1.0000
    15   biom      1.1007e+01 3.6302e-01  -0.0414  0.4071  0.4290  0.4539  0.4822  0.5139  0.5494  0.5888  0.6327  0.6808  0.7336  0.7915  0.8550  0.9244  1.0000
    16   biom      1.1008e+01 3.6077e-01  -0.0378  0.3761  0.3964  0.4194  0.4455  0.4748  0.5076  0.5440  0.5845  0.6290  0.6778  0.7313  0.7900  0.8540  0.9239  1.0000
    17   biom      1.1008e+01 3.6285e-01  -0.0400  0.3473  0.3661  0.3873  0.4115  0.4386  0.4689  0.5026  0.5400  0.5812  0.6262  0.6757  0.7299  0.7891  0.8536  0.9239  1.0000
    18   biom      1.1008e+01 3.6268e-01  -0.0424  0.3209  0.3382  0.3578  0.3802  0.4053  0.4333  0.4645  0.4991  0.5372  0.5789  0.6246  0.6747  0.7294  0.7890  0.8539  0.9243  1.0000
    19   biom      1.1013e+01 3.6456e-01  -0.0294  0.2969  0.3129  0.3311  0.3517  0.3749  0.4007  0.4295  0.4615  0.4966  0.5350  0.5773  0.6236  0.6742  0.7294  0.7894  0.8545  0.9245  1.0000
    20   biom      1.1018e+01 3.6427e-01  -0.0167  0.2749  0.2897  0.3065  0.3255  0.3468  0.3707  0.3972  0.4267  0.4590  0.4946  0.5337  0.5765  0.6233  0.6743  0.7300  0.7901  0.8549  0.9248  1.0000
    21   biom      1.1022e+01 3.6821e-01  -0.0068  0.2546  0.2683  0.2838  0.3014  0.3211  0.3431  0.3676  0.3948  0.4247  0.4575  0.4937  0.5333  0.5766  0.6239  0.6754  0.7311  0.7910  0.8559  0.9256  1.0000
    22   biom      1.1026e+01 3.7001e-01   0.0028  0.2362  0.2488  0.2632  0.2794  0.2976  0.3179  0.3406  0.3657  0.3932  0.4237  0.4571  0.4938  0.5339  0.5778  0.6256  0.6772  0.7327  0.7929  0.8576  0.9267  1.0000
    23   biom      1.1030e+01 3.7606e-01   0.0117  0.2193  0.2311  0.2444  0.2594  0.2762  0.2951  0.3161  0.3392  0.3647  0.3929  0.4239  0.4580  0.4952  0.5359  0.5803  0.6282  0.6797  0.7357  0.7959  0.8600  0.9282  1.0000
    24   biom      1.1034e+01 3.8010e-01   0.0204  0.2041  0.2150  0.2274  0.2413  0.2569  0.2743  0.2938  0.3152  0.3388  0.3650  0.3938  0.4255  0.4600  0.4980  0.5393  0.5837  0.6316  0.6838  0.7399  0.7997  0.8631  0.9300  1.0000
    25   biom      1.1037e+01 3.8894e-01   0.0263  0.1904  0.2005  0.2120  0.2249  0.2394  0.2557  0.2738  0.2937  0.3155  0.3399  0.3668  0.3963  0.4285  0.4639  0.5024  0.5438  0.5884  0.6372  0.6896  0.7453  0.8046  0.8670  0.9323  1.0000
    26   biom      1.1040e+01 3.9597e-01   0.0320  0.1781  0.1876  0.1983  0.2103  0.2238  0.2390  0.2558  0.2743  0.2947  0.3175  0.3425  0.3701  0.4001  0.4333  0.4693  0.5080  0.5497  0.5954  0.6444  0.6966  0.7520  0.8104  0.8715  0.9349  1.0000
    27   biom      1.1043e+01 4.0817e-01   0.0365  0.1671  0.1760  0.1860  0.1973  0.2099  0.2240  0.2398  0.2571  0.2761  0.2974  0.3209  0.3467  0.3749  0.4060  0.4398  0.4761  0.5151  0.5581  0.6041  0.6531  0.7052  0.7600  0.8173  0.8768  0.9379  1.0000
    28   biom      1.1046e+01 4.1879e-01   0.0409  0.1574  0.1657  0.1751  0.1856  0.1975  0.2108  0.2256  0.2417  0.2595  0.2796  0.3017  0.3259  0.3524  0.3817  0.4135  0.4477  0.4844  0.5249  0.5683  0.6145  0.6635  0.7151  0.7691  0.8251  0.8826  0.9411  1.0000
    29   biom      1.1046e+01 4.3565e-01   0.0408  0.1487  0.1565  0.1655  0.1754  0.1866  0.1991  0.2130  0.2283  0.2451  0.2640  0.2849  0.3078  0.3328  0.3605  0.3906  0.4228  0.4575  0.4958  0.5368  0.5805  0.6268  0.6756  0.7266  0.7795  0.8339  0.8891  0.9447  1.0000
    30   biom      1.1047e+01 4.5120e-01   0.0409  0.1411  0.1485  0.1570  0.1664  0.1770  0.1888  0.2021  0.2165  0.2324  0.2504  0.2701  0.2919  0.3156  0.3418  0.3704  0.4010  0.4339  0.4702  0.5091  0.5506  0.5945  0.6408  0.6893  0.7394  0.7910  0.8434  0.8962  0.9486  1.0000
    31   biomsd    1.1028e+01 4.5373e-01   0.0178  1.0000  0.9492  0.8974  0.8453  0.7934  0.7425  0.6928  0.6448  0.5989  0.5557  0.5147  0.4763  0.4404  0.4071  0.3761  0.3473  0.3209  0.2969  0.2749  0.2546  0.2362  0.2193  0.2041  0.1904  0.1781  0.1671  0.1574  0.1487  0.1411  1.0000
    32   biomsd    1.1027e+01 4.3835e-01   0.0158  0.9492  1.0000  0.9454  0.8905  0.8359  0.7823  0.7300  0.6794  0.6311  0.5855  0.5424  0.5020  0.4641  0.4290  0.3964  0.3661  0.3382  0.3129  0.2897  0.2683  0.2488  0.2311  0.2150  0.2005  0.1876  0.1760  0.1657  0.1565  0.1485  0.9492  1.0000
    33   biomsd    1.1026e+01 4.2169e-01   0.0138  0.8974  0.9454  1.0000  0.9419  0.8842  0.8274  0.7722  0.7187  0.6677  0.6195  0.5739  0.5311  0.4910  0.4539  0.4194  0.3873  0.3578  0.3311  0.3065  0.2838  0.2632  0.2444  0.2274  0.2120  0.1983  0.1860  0.1751  0.1655  0.1570  0.8974  0.9454  1.0000
    34   biomsd    1.1023e+01 4.1118e-01   0.0080  0.8453  0.8905  0.9419  1.0000  0.9388  0.8785  0.8199  0.7632  0.7091  0.6579  0.6096  0.5641  0.5216  0.4822  0.4455  0.4115  0.3802  0.3517  0.3255  0.3014  0.2794  0.2594  0.2413  0.2249  0.2103  0.1973  0.1856  0.1754  0.1664  0.8453  0.8905  0.9419  1.0000
    35   biomsd    1.1021e+01 3.9913e-01   0.0019  0.7934  0.8359  0.8842  0.9388  1.0000  0.9359  0.8734  0.8132  0.7556  0.7011  0.6496  0.6012  0.5560  0.5139  0.4748  0.4386  0.4053  0.3749  0.3468  0.3211  0.2976  0.2762  0.2569  0.2394  0.2238  0.2099  0.1975  0.1866  0.1770  0.7934  0.8359  0.8842  0.9388  1.0000
    36   biomsd    1.1018e+01 3.9210e-01  -0.0042  0.7425  0.7823  0.8274  0.8785  0.9359  1.0000  0.9333  0.8690  0.8075  0.7494  0.6944  0.6427  0.5943  0.5494  0.5076  0.4689  0.4333  0.4007  0.3707  0.3431  0.3179  0.2951  0.2743  0.2557  0.2390  0.2240  0.2108  0.1991  0.1888  0.7425  0.7823  0.8274  0.8785  0.9359  1.0000
    37   biomsd    1.1016e+01 3.8329e-01  -0.0105  0.6928  0.7300  0.7722  0.8199  0.8734  0.9333  1.0000  0.9312  0.8654  0.8031  0.7442  0.6888  0.6370  0.5888  0.5440  0.5026  0.4645  0.4295  0.3972  0.3676  0.3406  0.3161  0.2938  0.2738  0.2558  0.2398  0.2256  0.2130  0.2021  0.6928  0.7300  0.7722  0.8199  0.8734  0.9333  1.0000
    38   biomsd    1.1012e+01 3.7961e-01  -0.0223  0.6448  0.6794  0.7187  0.7632  0.8132  0.8690  0.9312  1.0000  0.9295  0.8626  0.7994  0.7400  0.6844  0.6327  0.5845  0.5400  0.4991  0.4615  0.4267  0.3948  0.3657  0.3392  0.3152  0.2937  0.2743  0.2571  0.2417  0.2283  0.2165  0.6448  0.6794  0.7187  0.7632  0.8132  0.8690  0.9312  1.0000
    39   biomsd    1.1008e+01 3.7401e-01  -0.0344  0.5989  0.6311  0.6677  0.7091  0.7556  0.8075  0.8654  0.9295  1.0000  0.9281  0.8602  0.7963  0.7365  0.6808  0.6290  0.5812  0.5372  0.4966  0.4590  0.4247  0.3932  0.3647  0.3388  0.3155  0.2947  0.2761  0.2595  0.2451  0.2324  0.5989  0.6311  0.6677  0.7091  0.7556  0.8075  0.8654  0.9295  1.0000
    40   biomsd    1.1007e+01 3.7153e-01  -0.0376  0.5557  0.5855  0.6195  0.6579  0.7011  0.7494  0.8031  0.8626  0.9281  1.0000  0.9268  0.8580  0.7936  0.7336  0.6778  0.6262  0.5789  0.5350  0.4946  0.4575  0.4237  0.3929  0.3650  0.3399  0.3175  0.2974  0.2796  0.2640  0.2504  0.5557  0.5855  0.6195  0.6579  0.7011  0.7494  0.8031  0.8626  0.9281  1.0000
    41   biomsd    1.1006e+01 3.6694e-01  -0.0410  0.5147  0.5424  0.5739  0.6096  0.6496  0.6944  0.7442  0.7994  0.8602  0.9268  1.0000  0.9257  0.8563  0.7915  0.7313  0.6757  0.6246  0.5773  0.5337  0.4937  0.4571  0.4239  0.3938  0.3668  0.3425  0.3209  0.3017  0.2849  0.2701  0.5147  0.5424  0.5739  0.6096  0.6496  0.6944  0.7442  0.7994  0.8602  0.9268  1.0000
    42   biomsd    1.1005e+01 3.6608e-01  -0.0430  0.4763  0.5020  0.5311  0.5641  0.6012  0.6427  0.6888  0.7400  0.7963  0.8580  0.9257  1.0000  0.9250  0.8550  0.7900  0.7299  0.6747  0.6236  0.5765  0.5333  0.4938  0.4580  0.4255  0.3963  0.3701  0.3467  0.3259  0.3078  0.2919  0.4763  0.5020  0.5311  0.5641  0.6012  0.6427  0.6888  0.7400  0.7963  0.8580  0.9257  1.0000
    43   biomsd    1.1005e+01 3.6303e-01  -0.0453  0.4404  0.4641  0.4910  0.5216  0.5560  0.5943  0.6370  0.6844  0.7365  0.7936  0.8563  0.9250  1.0000  0.9244  0.8540  0.7891  0.7294  0.6742  0.6233  0.5766  0.5339  0.4952  0.4600  0.4285  0.4001  0.3749  0.3524  0.3328  0.3156  0.4404  0.4641  0.4910  0.5216  0.5560  0.5943  0.6370  0.6844  0.7365  0.7936  0.8563  0.9250  1.0000
    44   biomsd    1.1007e+01 3.6302e-01  -0.0414  0.4071  0.4290  0.4539  0.4822  0.5139  0.5494  0.5888  0.6327  0.6808  0.7336  0.7915  0.8550  0.9244  1.0000  0.9239  0.8536  0.7890  0.7294  0.6743  0.6239  0.5778  0.5359  0.4980  0.4639  0.4333  0.4060  0.3817  0.3605  0.3418  0.4071  0.4290  0.4539  0.4822  0.5139  0.5494  0.5888  0.6327  0.6808  0.7336  0.7915  0.8550  0.9244  1.0000
    45   biomsd    1.1008e+01 3.6077e-01  -0.0378  0.3761  0.3964  0.4194  0.4455  0.4748  0.5076  0.5440  0.5845  0.6290  0.6778  0.7313  0.7900  0.8540  0.9239  1.0000  0.9239  0.8539  0.7894  0.7300  0.6754  0.6256  0.5803  0.5393  0.5024  0.4693  0.4398  0.4135  0.3906  0.3704  0.3761  0.3964  0.4194  0.4455  0.4748  0.5076  0.5440  0.5845  0.6290  0.6778  0.7313  0.7900  0.8540  0.9239  1.0000
    46   biomsd    1.1008e+01 3.6285e-01  -0.0400  0.3473  0.3661  0.3873  0.4115  0.4386  0.4689  0.5026  0.5400  0.5812  0.6262  0.6757  0.7299  0.7891  0.8536  0.9239  1.0000  0.9243  0.8545  0.7901  0.7311  0.6772  0.6282  0.5837  0.5438  0.5080  0.4761  0.4477  0.4228  0.4010  0.3473  0.3661  0.3873  0.4115  0.4386  0.4689  0.5026  0.5400  0.5812  0.6262  0.6757  0.7299  0.7891  0.8536  0.9239  1.0000
    47   biomsd    1.1008e+01 3.6268e-01  -0.0424  0.3209  0.3382  0.3578  0.3802  0.4053  0.4333  0.4645  0.4991  0.5372  0.5789  0.6246  0.6747  0.7294  0.7890  0.8539  0.9243  1.0000  0.9245  0.8549  0.7910  0.7327  0.6797  0.6316  0.5884  0.5497  0.5151  0.4844  0.4575  0.4339  0.3209  0.3382  0.3578  0.3802  0.4053  0.4333  0.4645  0.4991  0.5372  0.5789  0.6246  0.6747  0.7294  0.7890  0.8539  0.9243  1.0000
    48   biomsd    1.1013e+01 3.6456e-01  -0.0294  0.2969  0.3129  0.3311  0.3517  0.3749  0.4007  0.4295  0.4615  0.4966  0.5350  0.5773  0.6236  0.6742  0.7294  0.7894  0.8545  0.9245  1.0000  0.9248  0.8559  0.7929  0.7357  0.6838  0.6372  0.5954  0.5581  0.5249  0.4958  0.4702  0.2969  0.3129  0.3311  0.3517  0.3749  0.4007  0.4295  0.4615  0.4966  0.5350  0.5773  0.6236  0.6742  0.7294  0.7894  0.8545  0.9245  1.0000
    49   biomsd    1.1018e+01 3.6427e-01  -0.0167  0.2749  0.2897  0.3065  0.3255  0.3468  0.3707  0.3972  0.4267  0.4590  0.4946  0.5337  0.5765  0.6233  0.6743  0.7300  0.7901  0.8549  0.9248  1.0000  0.9256  0.8576  0.7959  0.7399  0.6896  0.6444  0.6041  0.5683  0.5368  0.5091  0.2749  0.2897  0.3065  0.3255  0.3468  0.3707  0.3972  0.4267  0.4590  0.4946  0.5337  0.5765  0.6233  0.6743  0.7300  0.7901  0.8549  0.9248  1.0000
    50   biomsd    1.1022e+01 3.6821e-01  -0.0068  0.2546  0.2683  0.2838  0.3014  0.3211  0.3431  0.3676  0.3948  0.4247  0.4575  0.4937  0.5333  0.5766  0.6239  0.6754  0.7311  0.7910  0.8559  0.9256  1.0000  0.9267  0.8600  0.7997  0.7453  0.6966  0.6531  0.6145  0.5805  0.5506  0.2546  0.2683  0.2838  0.3014  0.3211  0.3431  0.3676  0.3948  0.4247  0.4575  0.4937  0.5333  0.5766  0.6239  0.6754  0.7311  0.7910  0.8559  0.9256  1.0000
    51   biomsd    1.1026e+01 3.7001e-01   0.0028  0.2362  0.2488  0.2632  0.2794  0.2976  0.3179  0.3406  0.3657  0.3932  0.4237  0.4571  0.4938  0.5339  0.5778  0.6256  0.6772  0.7327  0.7929  0.8576  0.9267  1.0000  0.9282  0.8631  0.8046  0.7520  0.7052  0.6635  0.6268  0.5945  0.2362  0.2488  0.2632  0.2794  0.2976  0.3179  0.3406  0.3657  0.3932  0.4237  0.4571  0.4938  0.5339  0.5778  0.6256  0.6772  0.7327  0.7929  0.8576  0.9267  1.0000
    52   biomsd    1.1030e+01 3.7606e-01   0.0117  0.2193  0.2311  0.2444  0.2594  0.2762  0.2951  0.3161  0.3392  0.3647  0.3929  0.4239  0.4580  0.4952  0.5359  0.5803  0.6282  0.6797  0.7357  0.7959  0.8600  0.9282  1.0000  0.9300  0.8670  0.8104  0.7600  0.7151  0.6756  0.6408  0.2193  0.2311  0.2444  0.2594  0.2762  0.2951  0.3161  0.3392  0.3647  0.3929  0.4239  0.4580  0.4952  0.5359  0.5803  0.6282  0.6797  0.7357  0.7959  0.8600  0.9282  1.0000
    53   biomsd    1.1034e+01 3.8010e-01   0.0204  0.2041  0.2150  0.2274  0.2413  0.2569  0.2743  0.2938  0.3152  0.3388  0.3650  0.3938  0.4255  0.4600  0.4980  0.5393  0.5837  0.6316  0.6838  0.7399  0.7997  0.8631  0.9300  1.0000  0.9323  0.8715  0.8173  0.7691  0.7266  0.6893  0.2041  0.2150  0.2274  0.2413  0.2569  0.2743  0.2938  0.3152  0.3388  0.3650  0.3938  0.4255  0.4600  0.4980  0.5393  0.5837  0.6316  0.6838  0.7399  0.7997  0.8631  0.9300  1.0000
    54   biomsd    1.1037e+01 3.8894e-01   0.0263  0.1904  0.2005  0.2120  0.2249  0.2394  0.2557  0.2738  0.2937  0.3155  0.3399  0.3668  0.3963  0.4285  0.4639  0.5024  0.5438  0.5884  0.6372  0.6896  0.7453  0.8046  0.8670  0.9323  1.0000  0.9349  0.8768  0.8251  0.7795  0.7394  0.1904  0.2005  0.2120  0.2249  0.2394  0.2557  0.2738  0.2937  0.3155  0.3399  0.3668  0.3963  0.4285  0.4639  0.5024  0.5438  0.5884  0.6372  0.6896  0.7453  0.8046  0.8670  0.9323  1.0000
    55   biomsd    1.1040e+01 3.9597e-01   0.0320  0.1781  0.1876  0.1983  0.2103  0.2238  0.2390  0.2558  0.2743  0.2947  0.3175  0.3425  0.3701  0.4001  0.4333  0.4693  0.5080  0.5497  0.5954  0.6444  0.6966  0.7520  0.8104  0.8715  0.9349  1.0000  0.9379  0.8826  0.8339  0.7910  0.1781  0.1876  0.1983  0.2103  0.2238  0.2390  0.2558  0.2743  0.2947  0.3175  0.3425  0.3701  0.4001  0.4333  0.4693  0.5080  0.5497  0.5954  0.6444  0.6966  0.7520  0.8104  0.8715  0.9349  1.0000
    56   biomsd    1.1043e+01 4.0817e-01   0.0365  0.1671  0.1760  0.1860  0.1973  0.2099  0.2240  0.2398  0.2571  0.2761  0.2974  0.3209  0.3467  0.3749  0.4060  0.4398  0.4761  0.5151  0.5581  0.6041  0.6531  0.7052  0.7600  0.8173  0.8768  0.9379  1.0000  0.9411  0.8891  0.8434  0.1671  0.1760  0.1860  0.1973  0.2099  0.2240  0.2398  0.2571  0.2761  0.2974  0.3209  0.3467  0.3749  0.4060  0.4398  0.4761  0.5151  0.5581  0.6041  0.6531  0.7052  0.7600  0.8173  0.8768  0.9379  1.0000
    57   biomsd    1.1046e+01 4.1879e-01   0.0409  0.1574  0.1657  0.1751  0.1856  0.1975  0.2108  0.2256  0.2417  0.2595  0.2796  0.3017  0.3259  0.3524  0.3817  0.4135  0.4477  0.4844  0.5249  0.5683  0.6145  0.6635  0.7151  0.7691  0.8251  0.8826  0.9411  1.0000  0.9447  0.8962  0.1574  0.1657  0.1751  0.1856  0.1975  0.2108  0.2256  0.2417  0.2595  0.2796  0.3017  0.3259  0.3524  0.3817  0.4135  0.4477  0.4844  0.5249  0.5683  0.6145  0.6635  0.7151  0.7691  0.8251  0.8826  0.9411  1.0000
    58   biomsd    1.1046e+01 4.3565e-01   0.0408  0.1487  0.1565  0.1655  0.1754  0.1866  0.1991  0.2130  0.2283  0.2451  0.2640  0.2849  0.3078  0.3328  0.3605  0.3906  0.4228  0.4575  0.4958  0.5368  0.5805  0.6268  0.6756  0.7266  0.7795  0.8339  0.8891  0.9447  1.0000  0.9486  0.1487  0.1565  0.1655  0.1754  0.1866  0.1991  0.2130  0.2283  0.2451  0.2640  0.2849  0.3078  0.3328  0.3605  0.3906  0.4228  0.4575  0.4958  0.5368  0.5805  0.6268  0.6756  0.7266  0.7795  0.8339  0.8891  0.9447  1.0000
    59   biomsd    1.1047e+01 4.5120e-01   0.0409  0.1411  0.1485  0.1570  0.1664  0.1770  0.1888  0.2021  0.2165  0.2324  0.2504  0.2701  0.2919  0.3156  0.3418  0.3704  0.4010  0.4339  0.4702  0.5091  0.5506  0.5945  0.6408  0.6893  0.7394  0.7910  0.8434  0.8962  0.9486  1.0000  0.1411  0.1485  0.1570  0.1664  0.1770  0.1888  0.2021  0.2165  0.2324  0.2504  0.2701  0.2919  0.3156  0.3418  0.3704  0.4010  0.4339  0.4702  0.5091  0.5506  0.5945  0.6408  0.6893  0.7394  0.7910  0.8434  0.8962  0.9486  1.0000
    60   biomA     6.1584e+04 2.7943e+04   0.0178  1.0000  0.9492  0.8974  0.8453  0.7934  0.7425  0.6928  0.6448  0.5989  0.5557  0.5147  0.4763  0.4404  0.4071  0.3761  0.3473  0.3209  0.2969  0.2749  0.2546  0.2362  0.2193  0.2041  0.1904  0.1781  0.1671  0.1574  0.1487  0.1411  1.0000  0.9492  0.8974  0.8453  0.7934  0.7425  0.6928  0.6448  0.5989  0.5557  0.5147  0.4763  0.4404  0.4071  0.3761  0.3473  0.3209  0.2969  0.2749  0.2546  0.2362  0.2193  0.2041  0.1904  0.1781  0.1671  0.1574  0.1487  0.1411  1.0000
    61   biomA     6.1513e+04 2.6964e+04   0.0158  0.9492  1.0000  0.9454  0.8905  0.8359  0.7823  0.7300  0.6794  0.6311  0.5855  0.5424  0.5020  0.4641  0.4290  0.3964  0.3661  0.3382  0.3129  0.2897  0.2683  0.2488  0.2311  0.2150  0.2005  0.1876  0.1760  0.1657  0.1565  0.1485  0.9492  1.0000  0.9454  0.8905  0.8359  0.7823  0.7300  0.6794  0.6311  0.5855  0.5424  0.5020  0.4641  0.4290  0.3964  0.3661  0.3382  0.3129  0.2897  0.2683  0.2488  0.2311  0.2150  0.2005  0.1876  0.1760  0.1657  0.1565  0.1485  0.9492  1.0000
    62   biomA     6.1443e+04 2.5910e+04   0.0138  0.8974  0.9454  1.0000  0.9419  0.8842  0.8274  0.7722  0.7187  0.6677  0.6195  0.5739  0.5311  0.4910  0.4539  0.4194  0.3873  0.3578  0.3311  0.3065  0.2838  0.2632  0.2444  0.2274  0.2120  0.1983  0.1860  0.1751  0.1655  0.1570  0.8974  0.9454  1.0000  0.9419  0.8842  0.8274  0.7722  0.7187  0.6677  0.6195  0.5739  0.5311  0.4910  0.4539  0.4194  0.3873  0.3578  0.3311  0.3065  0.2838  0.2632  0.2444  0.2274  0.2120  0.1983  0.1860  0.1751  0.1655  0.1570  0.8974  0.9454  1.0000
    63   biomA     6.1288e+04 2.5200e+04   0.0080  0.8453  0.8905  0.9419  1.0000  0.9388  0.8785  0.8199  0.7632  0.7091  0.6579  0.6096  0.5641  0.5216  0.4822  0.4455  0.4115  0.3802  0.3517  0.3255  0.3014  0.2794  0.2594  0.2413  0.2249  0.2103  0.1973  0.1856  0.1754  0.1664  0.8453  0.8905  0.9419  1.0000  0.9388  0.8785  0.8199  0.7632  0.7091  0.6579  0.6096  0.5641  0.5216  0.4822  0.4455  0.4115  0.3802  0.3517  0.3255  0.3014  0.2794  0.2594  0.2413  0.2249  0.2103  0.1973  0.1856  0.1754  0.1664  0.8453  0.8905  0.9419  1.0000
    64   biomA     6.1135e+04 2.4401e+04   0.0019  0.7934  0.8359  0.8842  0.9388  1.0000  0.9359  0.8734  0.8132  0.7556  0.7011  0.6496  0.6012  0.5560  0.5139  0.4748  0.4386  0.4053  0.3749  0.3468  0.3211  0.2976  0.2762  0.2569  0.2394  0.2238  0.2099  0.1975  0.1866  0.1770  0.7934  0.8359  0.8842  0.9388  1.0000  0.9359  0.8734  0.8132  0.7556  0.7011  0.6496  0.6012  0.5560  0.5139  0.4748  0.4386  0.4053  0.3749  0.3468  0.3211  0.2976  0.2762  0.2569  0.2394  0.2238  0.2099  0.1975  0.1866  0.1770  0.7934  0.8359  0.8842  0.9388  1.0000
    65   biomA     6.0987e+04 2.3913e+04  -0.0042  0.7425  0.7823  0.8274  0.8785  0.9359  1.0000  0.9333  0.8690  0.8075  0.7494  0.6944  0.6427  0.5943  0.5494  0.5076  0.4689  0.4333  0.4007  0.3707  0.3431  0.3179  0.2951  0.2743  0.2557  0.2390  0.2240  0.2108  0.1991  0.1888  0.7425  0.7823  0.8274  0.8785  0.9359  1.0000  0.9333  0.8690  0.8075  0.7494  0.6944  0.6427  0.5943  0.5494  0.5076  0.4689  0.4333  0.4007  0.3707  0.3431  0.3179  0.2951  0.2743  0.2557  0.2390  0.2240  0.2108  0.1991  0.1888  0.7425  0.7823  0.8274  0.8785  0.9359  1.0000
    66   biomA     6.0840e+04 2.3320e+04  -0.0105  0.6928  0.7300  0.7722  0.8199  0.8734  0.9333  1.0000  0.9312  0.8654  0.8031  0.7442  0.6888  0.6370  0.5888  0.5440  0.5026  0.4645  0.4295  0.3972  0.3676  0.3406  0.3161  0.2938  0.2738  0.2558  0.2398  0.2256  0.2130  0.2021  0.6928  0.7300  0.7722  0.8199  0.8734  0.9333  1.0000  0.9312  0.8654  0.8031  0.7442  0.6888  0.6370  0.5888  0.5440  0.5026  0.4645  0.4295  0.3972  0.3676  0.3406  0.3161  0.2938  0.2738  0.2558  0.2398  0.2256  0.2130  0.2021  0.6928  0.7300  0.7722  0.8199  0.8734  0.9333  1.0000
    67   biomA     6.0586e+04 2.2999e+04  -0.0223  0.6448  0.6794  0.7187  0.7632  0.8132  0.8690  0.9312  1.0000  0.9295  0.8626  0.7994  0.7400  0.6844  0.6327  0.5845  0.5400  0.4991  0.4615  0.4267  0.3948  0.3657  0.3392  0.3152  0.2937  0.2743  0.2571  0.2417  0.2283  0.2165  0.6448  0.6794  0.7187  0.7632  0.8132  0.8690  0.9312  1.0000  0.9295  0.8626  0.7994  0.7400  0.6844  0.6327  0.5845  0.5400  0.4991  0.4615  0.4267  0.3948  0.3657  0.3392  0.3152  0.2937  0.2743  0.2571  0.2417  0.2283  0.2165  0.6448  0.6794  0.7187  0.7632  0.8132  0.8690  0.9312  1.0000
    68   biomA     6.0334e+04 2.2566e+04  -0.0344  0.5989  0.6311  0.6677  0.7091  0.7556  0.8075  0.8654  0.9295  1.0000  0.9281  0.8602  0.7963  0.7365  0.6808  0.6290  0.5812  0.5372  0.4966  0.4590  0.4247  0.3932  0.3647  0.3388  0.3155  0.2947  0.2761  0.2595  0.2451  0.2324  0.5989  0.6311  0.6677  0.7091  0.7556  0.8075  0.8654  0.9295  1.0000  0.9281  0.8602  0.7963  0.7365  0.6808  0.6290  0.5812  0.5372  0.4966  0.4590  0.4247  0.3932  0.3647  0.3388  0.3155  0.2947  0.2761  0.2595  0.2451  0.2324  0.5989  0.6311  0.6677  0.7091  0.7556  0.8075  0.8654  0.9295  1.0000
    69   biomA     6.0274e+04 2.2393e+04  -0.0376  0.5557  0.5855  0.6195  0.6579  0.7011  0.7494  0.8031  0.8626  0.9281  1.0000  0.9268  0.8580  0.7936  0.7336  0.6778  0.6262  0.5789  0.5350  0.4946  0.4575  0.4237  0.3929  0.3650  0.3399  0.3175  0.2974  0.2796  0.2640  0.2504  0.5557  0.5855  0.6195  0.6579  0.7011  0.7494  0.8031  0.8626  0.9281  1.0000  0.9268  0.8580  0.7936  0.7336  0.6778  0.6262  0.5789  0.5350  0.4946  0.4575  0.4237  0.3929  0.3650  0.3399  0.3175  0.2974  0.2796  0.2640  0.2504  0.5557  0.5855  0.6195  0.6579  0.7011  0.7494  0.8031  0.8626  0.9281  1.0000
    70   biomA     6.0214e+04 2.2095e+04  -0.0410  0.5147  0.5424  0.5739  0.6096  0.6496  0.6944  0.7442  0.7994  0.8602  0.9268  1.0000  0.9257  0.8563  0.7915  0.7313  0.6757  0.6246  0.5773  0.5337  0.4937  0.4571  0.4239  0.3938  0.3668  0.3425  0.3209  0.3017  0.2849  0.2701  0.5147  0.5424  0.5739  0.6096  0.6496  0.6944  0.7442  0.7994  0.8602  0.9268  1.0000  0.9257  0.8563  0.7915  0.7313  0.6757  0.6246  0.5773  0.5337  0.4937  0.4571  0.4239  0.3938  0.3668  0.3425  0.3209  0.3017  0.2849  0.2701  0.5147  0.5424  0.5739  0.6096  0.6496  0.6944  0.7442  0.7994  0.8602  0.9268  1.0000
    71   biomA     6.0189e+04 2.2034e+04  -0.0430  0.4763  0.5020  0.5311  0.5641  0.6012  0.6427  0.6888  0.7400  0.7963  0.8580  0.9257  1.0000  0.9250  0.8550  0.7900  0.7299  0.6747  0.6236  0.5765  0.5333  0.4938  0.4580  0.4255  0.3963  0.3701  0.3467  0.3259  0.3078  0.2919  0.4763  0.5020  0.5311  0.5641  0.6012  0.6427  0.6888  0.7400  0.7963  0.8580  0.9257  1.0000  0.9250  0.8550  0.7900  0.7299  0.6747  0.6236  0.5765  0.5333  0.4938  0.4580  0.4255  0.3963  0.3701  0.3467  0.3259  0.3078  0.2919  0.4763  0.5020  0.5311  0.5641  0.6012  0.6427  0.6888  0.7400  0.7963  0.8580  0.9257  1.0000
    72   biomA     6.0163e+04 2.1841e+04  -0.0453  0.4404  0.4641  0.4910  0.5216  0.5560  0.5943  0.6370  0.6844  0.7365  0.7936  0.8563  0.9250  1.0000  0.9244  0.8540  0.7891  0.7294  0.6742  0.6233  0.5766  0.5339  0.4952  0.4600  0.4285  0.4001  0.3749  0.3524  0.3328  0.3156  0.4404  0.4641  0.4910  0.5216  0.5560  0.5943  0.6370  0.6844  0.7365  0.7936  0.8563  0.9250  1.0000  0.9244  0.8540  0.7891  0.7294  0.6742  0.6233  0.5766  0.5339  0.4952  0.4600  0.4285  0.4001  0.3749  0.3524  0.3328  0.3156  0.4404  0.4641  0.4910  0.5216  0.5560  0.5943  0.6370  0.6844  0.7365  0.7936  0.8563  0.9250  1.0000
    73   biomA     6.0267e+04 2.1878e+04  -0.0414  0.4071  0.4290  0.4539  0.4822  0.5139  0.5494  0.5888  0.6327  0.6808  0.7336  0.7915  0.8550  0.9244  1.0000  0.9239  0.8536  0.7890  0.7294  0.6743  0.6239  0.5778  0.5359  0.4980  0.4639  0.4333  0.4060  0.3817  0.3605  0.3418  0.4071  0.4290  0.4539  0.4822  0.5139  0.5494  0.5888  0.6327  0.6808  0.7336  0.7915  0.8550  0.9244  1.0000  0.9239  0.8536  0.7890  0.7294  0.6743  0.6239  0.5778  0.5359  0.4980  0.4639  0.4333  0.4060  0.3817  0.3605  0.3418  0.4071  0.4290  0.4539  0.4822  0.5139  0.5494  0.5888  0.6327  0.6808  0.7336  0.7915  0.8550  0.9244  1.0000
    74   biomA     6.0371e+04 2.1780e+04  -0.0378  0.3761  0.3964  0.4194  0.4455  0.4748  0.5076  0.5440  0.5845  0.6290  0.6778  0.7313  0.7900  0.8540  0.9239  1.0000  0.9239  0.8539  0.7894  0.7300  0.6754  0.6256  0.5803  0.5393  0.5024  0.4693  0.4398  0.4135  0.3906  0.3704  0.3761  0.3964  0.4194  0.4455  0.4748  0.5076  0.5440  0.5845  0.6290  0.6778  0.7313  0.7900  0.8540  0.9239  1.0000  0.9239  0.8539  0.7894  0.7300  0.6754  0.6256  0.5803  0.5393  0.5024  0.4693  0.4398  0.4135  0.3906  0.3704  0.3761  0.3964  0.4194  0.4455  0.4748  0.5076  0.5440  0.5845  0.6290  0.6777  0.7313  0.7900  0.8540  0.9239  1.0000
    75   biomA     6.0362e+04 2.1903e+04  -0.0400  0.3473  0.3661  0.3873  0.4115  0.4386  0.4689  0.5026  0.5400  0.5812  0.6262  0.6757  0.7299  0.7891  0.8536  0.9239  1.0000  0.9243  0.8545  0.7901  0.7311  0.6772  0.6282  0.5837  0.5438  0.5080  0.4761  0.4477  0.4228  0.4010  0.3473  0.3661  0.3873  0.4115  0.4386  0.4689  0.5026  0.5400  0.5812  0.6262  0.6757  0.7299  0.7891  0.8536  0.9239  1.0000  0.9243  0.8545  0.7901  0.7311  0.6772  0.6282  0.5837  0.5438  0.5080  0.4761  0.4477  0.4228  0.4010  0.3473  0.3661  0.3873  0.4115  0.4386  0.4689  0.5026  0.5400  0.5812  0.6262  0.6757  0.7299  0.7891  0.8536  0.9239  1.0000
    76   biomA     6.0354e+04 2.1889e+04  -0.0424  0.3209  0.3382  0.3578  0.3802  0.4053  0.4333  0.4645  0.4991  0.5372  0.5789  0.6246  0.6747  0.7294  0.7890  0.8539  0.9243  1.0000  0.9245  0.8549  0.7910  0.7327  0.6797  0.6316  0.5884  0.5497  0.5151  0.4844  0.4575  0.4339  0.3209  0.3382  0.3578  0.3802  0.4053  0.4333  0.4645  0.4991  0.5372  0.5789  0.6246  0.6747  0.7294  0.7890  0.8539  0.9243  1.0000  0.9245  0.8549  0.7910  0.7327  0.6797  0.6316  0.5884  0.5497  0.5151  0.4844  0.4575  0.4339  0.3209  0.3382  0.3578  0.3802  0.4053  0.4333  0.4645  0.4991  0.5372  0.5789  0.6246  0.6747  0.7294  0.7890  0.8539  0.9243  1.0000
    77   biomA     6.0659e+04 2.2114e+04  -0.0294  0.2969  0.3129  0.3311  0.3517  0.3749  0.4007  0.4295  0.4615  0.4966  0.5350  0.5773  0.6236  0.6742  0.7294  0.7894  0.8545  0.9245  1.0000  0.9248  0.8559  0.7929  0.7357  0.6838  0.6372  0.5954  0.5581  0.5249  0.4958  0.4702  0.2969  0.3129  0.3311  0.3517  0.3749  0.4007  0.4295  0.4615  0.4966  0.5350  0.5773  0.6236  0.6742  0.7294  0.7894  0.8545  0.9245  1.0000  0.9248  0.8559  0.7929  0.7357  0.6838  0.6372  0.5954  0.5581  0.5249  0.4958  0.4702  0.2969  0.3129  0.3311  0.3517  0.3749  0.4007  0.4295  0.4615  0.4966  0.5350  0.5773  0.6236  0.6742  0.7294  0.7894  0.8545  0.9245  1.0000
    78   biomA     6.0966e+04 2.2208e+04  -0.0167  0.2749  0.2897  0.3065  0.3255  0.3468  0.3707  0.3972  0.4267  0.4590  0.4946  0.5337  0.5765  0.6233  0.6743  0.7300  0.7901  0.8549  0.9248  1.0000  0.9256  0.8576  0.7959  0.7399  0.6896  0.6444  0.6041  0.5683  0.5368  0.5091  0.2749  0.2897  0.3065  0.3255  0.3468  0.3707  0.3972  0.4267  0.4590  0.4946  0.5337  0.5765  0.6233  0.6743  0.7300  0.7901  0.8549  0.9248  1.0000  0.9256  0.8576  0.7959  0.7399  0.6896  0.6444  0.6041  0.5683  0.5368  0.5091  0.2749  0.2897  0.3065  0.3255  0.3468  0.3707  0.3972  0.4267  0.4590  0.4946  0.5337  0.5765  0.6233  0.6743  0.7300  0.7901  0.8549  0.9248  1.0000
    79   biomA     6.1220e+04 2.2542e+04  -0.0068  0.2546  0.2683  0.2838  0.3014  0.3211  0.3431  0.3676  0.3948  0.4247  0.4575  0.4937  0.5333  0.5766  0.6239  0.6754  0.7311  0.7910  0.8559  0.9256  1.0000  0.9267  0.8600  0.7997  0.7454  0.6966  0.6531  0.6145  0.5805  0.5506  0.2546  0.2683  0.2838  0.3014  0.3211  0.3431  0.3676  0.3948  0.4247  0.4575  0.4937  0.5333  0.5766  0.6239  0.6754  0.7311  0.7910  0.8559  0.9256  1.0000  0.9267  0.8600  0.7997  0.7454  0.6966  0.6531  0.6145  0.5805  0.5506  0.2546  0.2683  0.2838  0.3014  0.3211  0.3431  0.3676  0.3948  0.4247  0.4575  0.4937  0.5333  0.5766  0.6239  0.6754  0.7311  0.7910  0.8559  0.9256  1.0000
    80   biomA     6.1476e+04 2.2747e+04   0.0028  0.2362  0.2488  0.2632  0.2794  0.2976  0.3179  0.3406  0.3657  0.3932  0.4237  0.4571  0.4938  0.5339  0.5778  0.6256  0.6772  0.7327  0.7929  0.8576  0.9267  1.0000  0.9282  0.8631  0.8046  0.7520  0.7052  0.6635  0.6268  0.5945  0.2362  0.2488  0.2632  0.2794  0.2976  0.3179  0.3406  0.3657  0.3932  0.4237  0.4571  0.4938  0.5339  0.5778  0.6256  0.6772  0.7327  0.7929  0.8576  0.9267  1.0000  0.9282  0.8631  0.8046  0.7520  0.7052  0.6635  0.6268  0.5945  0.2362  0.2488  0.2632  0.2794  0.2976  0.3179  0.3406  0.3657  0.3932  0.4237  0.4571  0.4938  0.5339  0.5778  0.6256  0.6772  0.7327  0.7929  0.8576  0.9267  1.0000
    81   biomA     6.1719e+04 2.3210e+04   0.0117  0.2193  0.2311  0.2444  0.2594  0.2762  0.2951  0.3161  0.3392  0.3647  0.3929  0.4239  0.4580  0.4952  0.5359  0.5803  0.6282  0.6797  0.7357  0.7959  0.8600  0.9282  1.0000  0.9300  0.8670  0.8104  0.7600  0.7151  0.6756  0.6408  0.2193  0.2311  0.2444  0.2594  0.2762  0.2951  0.3161  0.3392  0.3647  0.3929  0.4239  0.4580  0.4952  0.5359  0.5803  0.6282  0.6797  0.7357  0.7959  0.8600  0.9282  1.0000  0.9300  0.8670  0.8104  0.7600  0.7151  0.6756  0.6408  0.2193  0.2311  0.2444  0.2594  0.2762  0.2951  0.3161  0.3392  0.3647  0.3929  0.4239  0.4580  0.4952  0.5359  0.5803  0.6282  0.6797  0.7357  0.7959  0.8600  0.9282  1.0000
    82   biomA     6.1964e+04 2.3552e+04   0.0204  0.2041  0.2150  0.2274  0.2413  0.2569  0.2743  0.2938  0.3152  0.3388  0.3650  0.3938  0.4255  0.4600  0.4980  0.5393  0.5837  0.6316  0.6838  0.7399  0.7997  0.8631  0.9300  1.0000  0.9323  0.8715  0.8173  0.7691  0.7266  0.6893  0.2041  0.2150  0.2274  0.2413  0.2569  0.2743  0.2938  0.3152  0.3388  0.3650  0.3938  0.4255  0.4600  0.4980  0.5393  0.5837  0.6316  0.6838  0.7399  0.7997  0.8631  0.9300  1.0000  0.9323  0.8715  0.8173  0.7691  0.7266  0.6893  0.2041  0.2150  0.2274  0.2413  0.2569  0.2743  0.2938  0.3152  0.3388  0.3650  0.3938  0.4255  0.4600  0.4980  0.5393  0.5837  0.6316  0.6838  0.7399  0.7997  0.8631  0.9300  1.0000
    83   biomA     6.2151e+04 2.4173e+04   0.0263  0.1904  0.2005  0.2120  0.2249  0.2394  0.2557  0.2738  0.2937  0.3155  0.3399  0.3668  0.3963  0.4285  0.4639  0.5024  0.5438  0.5884  0.6372  0.6896  0.7454  0.8046  0.8670  0.9323  1.0000  0.9349  0.8768  0.8251  0.7795  0.7394  0.1904  0.2005  0.2120  0.2249  0.2394  0.2557  0.2738  0.2937  0.3155  0.3399  0.3668  0.3963  0.4285  0.4639  0.5024  0.5438  0.5884  0.6372  0.6896  0.7454  0.8046  0.8670  0.9323  1.0000  0.9349  0.8768  0.8251  0.7795  0.7394  0.1904  0.2005  0.2120  0.2249  0.2394  0.2557  0.2738  0.2937  0.3155  0.3399  0.3668  0.3963  0.4285  0.4639  0.5024  0.5438  0.5884  0.6372  0.6896  0.7454  0.8046  0.8670  0.9323  1.0000
    84   biomA     6.2340e+04 2.4684e+04   0.0320  0.1781  0.1876  0.1983  0.2103  0.2238  0.2390  0.2558  0.2743  0.2947  0.3175  0.3425  0.3701  0.4001  0.4333  0.4693  0.5080  0.5497  0.5954  0.6444  0.6966  0.7520  0.8104  0.8715  0.9349  1.0000  0.9379  0.8826  0.8339  0.7910  0.1781  0.1876  0.1983  0.2103  0.2238  0.2390  0.2558  0.2743  0.2947  0.3175  0.3425  0.3701  0.4001  0.4333  0.4693  0.5080  0.5497  0.5954  0.6444  0.6966  0.7520  0.8104  0.8715  0.9349  1.0000  0.9379  0.8826  0.8339  0.7910  0.1781  0.1876  0.1983  0.2103  0.2238  0.2390  0.2558  0.2743  0.2947  0.3175  0.3425  0.3701  0.4001  0.4333  0.4693  0.5080  0.5497  0.5954  0.6444  0.6966  0.7520  0.8104  0.8715  0.9349  1.0000
    85   biomA     6.2502e+04 2.5511e+04   0.0365  0.1671  0.1760  0.1860  0.1972  0.2099  0.2240  0.2398  0.2571  0.2761  0.2974  0.3209  0.3467  0.3749  0.4060  0.4398  0.4761  0.5151  0.5581  0.6041  0.6531  0.7052  0.7600  0.8173  0.8768  0.9379  1.0000  0.9411  0.8891  0.8434  0.1671  0.1760  0.1860  0.1972  0.2099  0.2240  0.2398  0.2571  0.2761  0.2974  0.3209  0.3467  0.3749  0.4060  0.4398  0.4761  0.5151  0.5581  0.6041  0.6531  0.7052  0.7600  0.8173  0.8768  0.9379  1.0000  0.9411  0.8891  0.8434  0.1671  0.1760  0.1860  0.1973  0.2099  0.2240  0.2398  0.2571  0.2761  0.2974  0.3209  0.3467  0.3749  0.4060  0.4398  0.4761  0.5151  0.5581  0.6041  0.6531  0.7052  0.7600  0.8173  0.8768  0.9379  1.0000
    86   biomA     6.2664e+04 2.6243e+04   0.0409  0.1574  0.1657  0.1751  0.1856  0.1975  0.2108  0.2256  0.2417  0.2595  0.2796  0.3017  0.3259  0.3524  0.3817  0.4135  0.4477  0.4844  0.5249  0.5683  0.6145  0.6635  0.7151  0.7691  0.8251  0.8826  0.9411  1.0000  0.9448  0.8962  0.1574  0.1657  0.1751  0.1856  0.1975  0.2108  0.2256  0.2417  0.2595  0.2796  0.3017  0.3259  0.3524  0.3817  0.4135  0.4477  0.4844  0.5249  0.5683  0.6145  0.6635  0.7151  0.7691  0.8251  0.8826  0.9411  1.0000  0.9448  0.8962  0.1574  0.1657  0.1751  0.1856  0.1975  0.2108  0.2256  0.2417  0.2595  0.2796  0.3017  0.3259  0.3524  0.3817  0.4135  0.4477  0.4844  0.5249  0.5683  0.6145  0.6635  0.7151  0.7691  0.8251  0.8826  0.9411  1.0000
    87   biomA     6.2721e+04 2.7324e+04   0.0408  0.1487  0.1565  0.1655  0.1754  0.1866  0.1991  0.2130  0.2283  0.2451  0.2640  0.2849  0.3078  0.3328  0.3605  0.3906  0.4228  0.4575  0.4958  0.5368  0.5805  0.6268  0.6756  0.7266  0.7795  0.8339  0.8891  0.9448  1.0000  0.9486  0.1487  0.1565  0.1655  0.1754  0.1866  0.1991  0.2130  0.2283  0.2451  0.2640  0.2849  0.3078  0.3328  0.3605  0.3906  0.4228  0.4575  0.4958  0.5368  0.5805  0.6268  0.6756  0.7266  0.7795  0.8339  0.8891  0.9448  1.0000  0.9486  0.1487  0.1565  0.1655  0.1754  0.1866  0.1991  0.2130  0.2283  0.2451  0.2640  0.2849  0.3078  0.3328  0.3605  0.3906  0.4228  0.4575  0.4958  0.5368  0.5805  0.6268  0.6756  0.7266  0.7795  0.8339  0.8891  0.9447  1.0000
    88   biomA     6.2778e+04 2.8326e+04   0.0409  0.1411  0.1485  0.1570  0.1664  0.1770  0.1888  0.2021  0.2165  0.2324  0.2504  0.2701  0.2919  0.3156  0.3418  0.3704  0.4010  0.4339  0.4702  0.5091  0.5506  0.5945  0.6408  0.6893  0.7394  0.7910  0.8434  0.8962  0.9486  1.0000  0.1411  0.1485  0.1570  0.1664  0.1770  0.1888  0.2021  0.2165  0.2324  0.2504  0.2701  0.2919  0.3156  0.3418  0.3704  0.4010  0.4339  0.4702  0.5091  0.5506  0.5945  0.6408  0.6893  0.7394  0.7910  0.8434  0.8962  0.9486  1.0000  0.1411  0.1485  0.1570  0.1664  0.1770  0.1888  0.2021  0.2165  0.2324  0.2504  0.2701  0.2919  0.3156  0.3418  0.3704  0.4010  0.4339  0.4702  0.5091  0.5506  0.5945  0.6408  0.6893  0.7394  0.7910  0.8434  0.8962  0.9486  1.0000
