    unsorted:	 3.285268058
      sorted:	 3.285268058
